VIRTUALJOINT_1: 0
VIRTUALJOINT_2: 0
VIRTUALJOINT_3: 0
VIRTUALJOINT_4: 0
VIRTUALJOINT_5: 0
VIRTUALJOINT_6: 0
hip_yaw_1: -4.585223166764543
hip_pitch_1: 1.272276876436858
knee_pitch_1: -5.205948192938813
ankle_pitch_1: 1.717155442169243
ankle_yaw_1: -0.7337530459118855
j_wheel_1: 3.700456477273824e-07
hip_yaw_2: 0.4536875058473371
hip_pitch_2: 1.884442054048862
knee_pitch_2: 3.404164979340286
ankle_pitch_2: -10.33376976480406
ankle_yaw_2: 0.4371868596238313
j_wheel_2: 4.066294831261731e-07
hip_yaw_3: -0.9762755765483087
hip_pitch_3: 0.9727016947423325
knee_pitch_3: 6.123424605552131
ankle_pitch_3: 0.5325125063255264
ankle_yaw_3: 0.1979233669450265
j_wheel_3: -4.144800210160973e-07
hip_yaw_4: 5.5642679423126
hip_pitch_4: 0.411919721033165
knee_pitch_4: -5.136927199936318
ankle_pitch_4: -2.078989116818569
ankle_yaw_4: -0.3128590825375138
j_wheel_4: 4.320691419564274e-07
torso_yaw: 2.859826405121207
neck_velodyne: -65.50461616959051
neck_yaw: -65.50578525566905
neck_pitch: -65.86926751874175
j_arm1_1: -1.283762214868116
j_arm1_2: 5.506957852138993
j_arm1_3: -0.5023442598580623
j_arm1_4: -1.087948856321055
j_arm1_5: -0.5227012444165431
j_arm1_6: -0.02419957447354392
j_arm1_7: -0.05334956614776116
j_arm2_1: 1.307150654959113
j_arm2_2: -1.648687181446424
j_arm2_3: 0.6813373506717425
j_arm2_4: -0.07282962762259126
j_arm2_5: 0.6380489899725228
j_arm2_6: 0.3397027593296519
j_arm2_7: 0.511992222702637