VIRTUALJOINT_1: 0
VIRTUALJOINT_2: 0
VIRTUALJOINT_3: 0
VIRTUALJOINT_4: 0
VIRTUALJOINT_5: 0
VIRTUALJOINT_6: 0
hip_yaw_1: -4.53059411578731
hip_pitch_1: 1.151267601150152
knee_pitch_1: -4.224544844361274
ankle_pitch_1: 2.039228656903737
ankle_yaw_1: 0.09410379508920882
j_wheel_1: -7.617810807243526e-08
hip_yaw_2: 0.3247846194925678
hip_pitch_2: 2.232300048066937
knee_pitch_2: 3.67600031143069
ankle_pitch_2: -11.19765277026338
ankle_yaw_2: 0.5225171640978865
j_wheel_2: 8.116081152775974e-08
hip_yaw_3: -0.4737135927282292
hip_pitch_3: 0.7630807314509129
knee_pitch_3: 6.597901910965068
ankle_pitch_3: -3.10523046898317
ankle_yaw_3: -0.03189423337317927
j_wheel_3: -6.061092530818033e-08
hip_yaw_4: 5.491825494766082
hip_pitch_4: -0.4305261133971442
knee_pitch_4: -5.358847984899489
ankle_pitch_4: -1.06581471975383
ankle_yaw_4: -0.1864820721794336
j_wheel_4: 6.434163083512203e-08
torso_yaw: -0.2436883776335615
neck_velodyne: -65.57426361695215
neck_yaw: -65.51548801976284
neck_pitch: -65.85780831175839
j_arm1_1: -2.16977087945174
j_arm1_2: 7.132176345863645
j_arm1_3: -0.2172185045328369
j_arm1_4: -2.056293011665073
j_arm1_5: -0.5891056533028575
j_arm1_6: -0.4534548143939208
j_arm1_7: -0.1949096988392042
j_arm2_1: 0.04725824772760388
j_arm2_2: -1.934461780894923
j_arm2_3: -0.3432190001501803
j_arm2_4: -1.735570600677621
j_arm2_5: 0.7555669547161876
j_arm2_6: -0.02991398052988701
j_arm2_7: 0.04984136578080689