VIRTUALJOINT_1: 0
VIRTUALJOINT_2: 0
VIRTUALJOINT_3: 0
VIRTUALJOINT_4: 0
VIRTUALJOINT_5: 0
VIRTUALJOINT_6: 0
hip_yaw_1: -4.713533263021189
hip_pitch_1: 1.56701846521823
knee_pitch_1: -5.38062907636334
ankle_pitch_1: 2.051764450072695
ankle_yaw_1: 0.2412162166401502
j_wheel_1: -6.856779216676364e-08
hip_yaw_2: 0.5331538558914964
hip_pitch_2: 1.990254030010483
knee_pitch_2: 3.646781505918123
ankle_pitch_2: -10.89012742875297
ankle_yaw_2: 0.4612188076861687
j_wheel_2: 8.252918756460814e-08
hip_yaw_3: -0.3269807201206725
hip_pitch_3: 0.6956826097941609
knee_pitch_3: 6.198611719612578
ankle_pitch_3: 0.208103121270608
ankle_yaw_3: 0.1857965927738341
j_wheel_3: -8.216101237271706e-08
hip_yaw_4: 5.527925860736205
hip_pitch_4: 0.3429344352897493
knee_pitch_4: -5.00783046856909
ankle_pitch_4: -1.191767934852182
ankle_yaw_4: -0.3153741035757712
j_wheel_4: 8.13681858817327e-08
torso_yaw: 2.3101852340802
neck_velodyne: -65.51533846852782
neck_yaw: -65.51131547662858
neck_pitch: -65.87090675503161
j_arm1_1: -0.9841215452861458
j_arm1_2: 5.561915150733863
j_arm1_3: -0.7330592257609224
j_arm1_4: -0.9973379679081188
j_arm1_5: -0.6326729095500518
j_arm1_6: -0.2951347087059609
j_arm1_7: -0.05785271486145525
j_arm2_1: 1.340099593680125
j_arm2_2: -1.858621402561891
j_arm2_3: 0.7662200225594624
j_arm2_4: -0.1274455369394095
j_arm2_5: 0.5959952471374885
j_arm2_6: 0.345344404026162
j_arm2_7: 1.1138453424039