VIRTUALJOINT_1: 0
VIRTUALJOINT_2: 0
VIRTUALJOINT_3: 0
VIRTUALJOINT_4: 0
VIRTUALJOINT_5: 0
VIRTUALJOINT_6: 0
hip_yaw_1: -4.668216582132189
hip_pitch_1: 1.068417558016721
knee_pitch_1: -5.784691462552394
ankle_pitch_1: 1.956572780573762
ankle_yaw_1: 0.1156166341418918
j_wheel_1: -8.774997451301323e-08
hip_yaw_2: 0.4983648231098739
hip_pitch_2: 1.86569162755255
knee_pitch_2: 3.654742352683737
ankle_pitch_2: -11.12085669617078
ankle_yaw_2: 0.4991108257943226
j_wheel_2: -1.461684045253359e-07
hip_yaw_3: -1.041570378310244
hip_pitch_3: 0.8858334139719591
knee_pitch_3: 6.058225585892312
ankle_pitch_3: -2.016642636847238
ankle_yaw_3: 0.1863666579335506
j_wheel_3: -1.02612917166135e-07
hip_yaw_4: 5.251415192072858
hip_pitch_4: -0.1248190031731116
knee_pitch_4: -4.970440932750521
ankle_pitch_4: -1.49134159710351
ankle_yaw_4: -0.1651178388008027
j_wheel_4: 9.404480894240792e-08
torso_yaw: 3.254809867125434
neck_velodyne: -40.1399333482731
neck_yaw: -9.56180581760589
neck_pitch: -45.84114280155142
j_arm1_1: -1.525898113157476
j_arm1_2: 6.084855376281473
j_arm1_3: -0.4612090962780099
j_arm1_4: -1.554196382102659
j_arm1_5: -0.6513793531017142
j_arm1_6: -0.498269687966373
j_arm1_7: -0.04864928933645857
j_arm2_1: 1.359104343181481
j_arm2_2: -1.575076686293185
j_arm2_3: 0.4865281278637302
j_arm2_4: -0.1648435460843331
j_arm2_5: 0.622429612382069
j_arm2_6: 0.3441360874556667
j_arm2_7: -0.05075959554846569