VIRTUALJOINT_1: 0
VIRTUALJOINT_2: 0
VIRTUALJOINT_3: 0
VIRTUALJOINT_4: 0
VIRTUALJOINT_5: 0
VIRTUALJOINT_6: 0
hip_yaw_1: -4.595486561365495
hip_pitch_1: 1.730214143904442
knee_pitch_1: -5.28680172199034
ankle_pitch_1: 1.774615309875083
ankle_yaw_1: 0.0759403036738063
j_wheel_1: -1.286703019097997e-08
hip_yaw_2: 0.5275743495759905
hip_pitch_2: 1.79085615714272
knee_pitch_2: 3.573316759250315
ankle_pitch_2: -10.02788020433322
ankle_yaw_2: 0.4305786649866798
j_wheel_2: 1.430241895937626e-08
hip_yaw_3: -1.041707815421667
hip_pitch_3: 0.6742310772647827
knee_pitch_3: 6.460536379360216
ankle_pitch_3: -1.574931981716257
ankle_yaw_3: 0.194943734124766
j_wheel_3: -1.626265033352226e-08
hip_yaw_4: 5.210345586791975
hip_pitch_4: -0.08169602893693334
knee_pitch_4: -5.148275550457289
ankle_pitch_4: -0.928336610159668
ankle_yaw_4: -0.1789695089661424
j_wheel_4: 1.670987195804562e-08
torso_yaw: -3.671825547372567
neck_velodyne: -65.51186497154089
neck_yaw: -42.56208797838224
neck_pitch: -65.86996622975002
j_arm1_1: -1.37841695142341
j_arm1_2: 5.154578899466369
j_arm1_3: -0.568555426941056
j_arm1_4: -1.258152955402177
j_arm1_5: -0.5178688210944138
j_arm1_6: -0.1138476779960334
j_arm1_7: -0.02603274087093961
j_arm2_1: 0.7171303380515127
j_arm2_2: -1.641393631302264
j_arm2_3: 0.5883335179307757
j_arm2_4: -0.5577404385520043
j_arm2_5: 0.6035401205566154
j_arm2_6: 0.3169171024071462
j_arm2_7: -0.0202328945500214