VIRTUALJOINT_1: 0
VIRTUALJOINT_2: 0
VIRTUALJOINT_3: 0
VIRTUALJOINT_4: 0
VIRTUALJOINT_5: 0
VIRTUALJOINT_6: 0
hip_yaw_1: -4.760083820746504
hip_pitch_1: 1.402297926669403
knee_pitch_1: -5.205413423582591
ankle_pitch_1: 1.746170944799627
ankle_yaw_1: 0.1186106320690761
j_wheel_1: -2.524659336145551e-07
hip_yaw_2: 0.4444767886848771
hip_pitch_2: 1.995482453474558
knee_pitch_2: 3.39518453439914
ankle_pitch_2: -10.217639682403
ankle_yaw_2: 0.4263546253030284
j_wheel_2: 2.746980920567836e-07
hip_yaw_3: -1.003865851068482
hip_pitch_3: 0.718809585430438
knee_pitch_3: 6.427174545343593
ankle_pitch_3: -1.788378441632472
ankle_yaw_3: 0.1939863652568941
j_wheel_3: -2.76043132211624e-07
hip_yaw_4: 5.182719477845438
hip_pitch_4: -0.1231606466958624
knee_pitch_4: -5.042520497900916
ankle_pitch_4: -0.7257701152933331
ankle_yaw_4: -0.2499146879866674
j_wheel_4: 2.818923552828894e-07
torso_yaw: 3.801843854364743
neck_velodyne: -65.49355298194348
neck_yaw: -65.51770553230848
neck_pitch: -65.86875233500766
j_arm1_1: -1.482090412868316
j_arm1_2: 5.283222326814021
j_arm1_3: -0.511991388310439
j_arm1_4: -1.19763738667798
j_arm1_5: -0.6703073939440954
j_arm1_6: -0.2594894866552414
j_arm1_7: -0.001751350019666505
j_arm2_1: 0.6913204517954163
j_arm2_2: -1.757030405403292
j_arm2_3: 0.5279737580360777
j_arm2_4: -0.4356205986677344
j_arm2_5: 0.6363867303040397
j_arm2_6: 0.3346362792893691
j_arm2_7: 0.007944385466724995