VIRTUALJOINT_1: 0
VIRTUALJOINT_2: 0
VIRTUALJOINT_3: 0
VIRTUALJOINT_4: 0
VIRTUALJOINT_5: 0
VIRTUALJOINT_6: 0
hip_yaw_1: -4.55530287217696
hip_pitch_1: 1.680097772062283
knee_pitch_1: -5.220768257838968
ankle_pitch_1: 1.662675256032291
ankle_yaw_1: 0.1312130697197824
j_wheel_1: 1.031384181963271e-09
hip_yaw_2: 0.3499359639015292
hip_pitch_2: 2.075692394191263
knee_pitch_2: 3.712654599591429
ankle_pitch_2: -10.05472304217027
ankle_yaw_2: 0.5374315203685111
j_wheel_2: -3.075164875098369e-09
hip_yaw_3: -0.6402550795398384
hip_pitch_3: 0.5756267914950538
knee_pitch_3: 6.21484129920709
ankle_pitch_3: 0.6553312610946668
ankle_yaw_3: 0.1938845770782481
j_wheel_3: 1.32287190363899e-10
hip_yaw_4: 5.453706835796373
hip_pitch_4: 0.409528297981034
knee_pitch_4: -4.989489673271659
ankle_pitch_4: -1.723226392721647
ankle_yaw_4: -0.1848519210301039
j_wheel_4: 1.443740204628889e-09
torso_yaw: 4.304669478870742
neck_velodyne: -65.57921711957678
neck_yaw: -65.51308046864625
neck_pitch: -65.86881026965195
j_arm1_1: -0.9727296377892272
j_arm1_2: 5.224873601405323
j_arm1_3: -0.6332887386167132
j_arm1_4: -1.007360381122741
j_arm1_5: -0.6824317978660412
j_arm1_6: 0.00562877776165929
j_arm1_7: -0.08260625083824594
j_arm2_1: 1.558350716031155
j_arm2_2: -1.739982226566097
j_arm2_3: 0.7302820918005535
j_arm2_4: -0.2110719854557044
j_arm2_5: 0.5857824179062063
j_arm2_6: 0.3552523672303188
j_arm2_7: 0.5972902709980397