VIRTUALJOINT_1: 0
VIRTUALJOINT_2: 0
VIRTUALJOINT_3: 0
VIRTUALJOINT_4: 0
VIRTUALJOINT_5: 0
VIRTUALJOINT_6: 0
hip_yaw_1: -4.668093590308643
hip_pitch_1: 1.67163102339099
knee_pitch_1: -5.32881547556903
ankle_pitch_1: 1.834726310602212
ankle_yaw_1: 0.08875729354200357
j_wheel_1: -2.618354623348731e-08
hip_yaw_2: 0.5944807770676375
hip_pitch_2: 1.956835848270741
knee_pitch_2: 4.091368950479048
ankle_pitch_2: -11.13986213766894
ankle_yaw_2: 0.5135233996875138
j_wheel_2: 1.23237713165627e-08
hip_yaw_3: -0.482495025745423
hip_pitch_3: 0.8285011727039023
knee_pitch_3: 6.448863704796675
ankle_pitch_3: -0.06538895925152845
ankle_yaw_3: 0.1857382615106304
j_wheel_3: -6.833918133259312e-09
hip_yaw_4: 5.591521172374994
hip_pitch_4: -0.09334875773113195
knee_pitch_4: -4.943496768420689
ankle_pitch_4: -0.5809112721171119
ankle_yaw_4: -0.2736148455097272
j_wheel_4: 1.039344125365323e-08
torso_yaw: -0.0846179110999451
neck_velodyne: -65.51834738641766
neck_yaw: -65.51476607768106
neck_pitch: -65.87283974277105
j_arm1_1: -1.48019849104407
j_arm1_2: 5.73610626942222
j_arm1_3: -0.5510558759857851
j_arm1_4: -1.589537759537975
j_arm1_5: -0.6172063887970828
j_arm1_6: -0.2353195747851791
j_arm1_7: -0.06022421143688479
j_arm2_1: 1.551929661372333
j_arm2_2: -1.745019726216899
j_arm2_3: 0.4622165372845498
j_arm2_4: -0.482352937645707
j_arm2_5: 0.6115205544825021
j_arm2_6: 0.3197038806156852
j_arm2_7: 0.2289951060619546